9.639406015122806703e-01 1.355963551414554047e-01
9.490866882907407209e-01 1.500903092455568633e+00
1.902509741417755640e+00 7.076737919330973181e-01
1.673289857482517018e+00 8.718705173956897703e-02
1.958132079857430874e+00 1.216173291710347382e+00
8.502162594863600376e-01 1.573749266160318516e+00
5.479177281435079205e-01 1.277246771662094327e+00
1.503611382373638783e+00 7.930260281001511036e-01
1.069918602116387563e+00 4.409041160214153265e-01
1.458741775752702363e+00 5.037827122274423086e-01
5.704690029160506271e-01 1.688115208384346699e+00
1.059079068221178366e+00 1.479084991646172353e+00
1.154100522013423058e+00 4.131291764942623956e-02
9.100008688535039525e-01 9.836419662075397419e-01
6.799246476480707013e-01 1.313905228752524357e+00
1.274537434424511950e+00 1.745847742532002478e+00
1.145644927835720139e+00 1.987035515469941727e+00
4.604112245614659926e-01 5.817514788594428943e-01
7.079980776632728290e-01 1.124441008983279033e-01
1.455922533402345787e+00 1.369023045307298680e+00
4.184307708432897233e-01 5.967659093703137074e-01
1.786323876366702867e+00 1.032399970161875791e+00
9.822537178795385238e-01 4.553535174327933976e-01
2.935695046660875551e-01 6.088986383113015322e-02
1.849634648939187276e+00 1.173242128834775411e+00
7.375577048668391367e-01 1.513742050076976708e+00
1.542909278000806683e+00 1.236653393872553242e-01
1.157109692436769199e+00 1.775964829495246811e-02
5.472472540732815638e-01 1.755091877641448361e+00
4.511302713102838258e-01 1.780050739856697817e-02
1.065899027506736374e+00 1.995869025903618921e+00
4.132938429791594981e-01 8.671547828957948401e-01
1.215993189745176561e+00 1.901107345173933760e+00
1.551083162217342659e+00 1.900068780067719842e+00
1.790741725416076235e-01 1.612735087300742221e+00
9.219353669002106066e-01 1.554859626535336270e+00
4.821252585511628386e-01 8.200123160308181447e-02
2.886539191335195653e-01 9.887099527918021824e-01
1.691651530378013302e+00 1.917852979438272154e+00
1.306463031188014989e+00 1.927984230106856600e+00
8.962770565088491459e-01 1.129950781732920850e+00
6.607329673092054989e-02 1.868014646658294087e+00
1.345743261400351942e+00 2.352991080309103644e-01
1.516964231992818268e+00 4.121379577922907878e-01
1.426431625020305960e+00 1.963139635911715031e+00
5.366779810897261971e-01 1.557384678726831284e+00
2.316235573566396422e-01 8.728370580984707860e-01
1.313204293559152802e+00 1.685096278608506415e+00
8.273960776915161297e-01 1.113154776462540907e+00
2.925112085256229566e-01 8.431140816029851770e-01
1.668176991885148341e+00 1.452007397624402341e+00
1.017335825525188975e+00 8.785220742804442651e-01
1.917512849973707523e+00 1.635747874286022752e+00
8.102844607474180005e-01 4.220246209006981442e-01
1.066491705899920595e+00 1.530155069404292689e+00
8.523416944773387627e-01 9.149287574530284850e-01
2.011910337618703082e-01 1.357472056712711872e-01
1.740490461682456580e+00 4.038574914429304830e-01
4.384172895900599887e-01 1.096817382530980378e+00
1.878296527568841690e+00 1.527245477222993753e-01
1.488617907587218125e+00 1.461864220890786381e+00
1.798100011318482849e+00 9.281099674833148683e-03
6.580696436934330151e-02 7.493615984865746871e-01
1.135937629497962176e+00 5.817017662575030279e-01
4.686159554252677939e-01 1.375966860159567595e-01
9.664673072122182962e-01 2.319070462452468284e-01
1.719268346027160721e-01 1.934799841977622670e+00
4.338009914347940033e-01 1.117927251583548331e+00
5.516023156092457747e-01 1.465449409301065709e+00
1.917522708270302578e+00 6.190488405567124985e-01
1.253480258303754535e+00 1.900133511992626367e+00
9.886238636738837737e-01 1.807956601392942231e+00
1.304373929617474337e+00 1.251044265598478145e+00
1.316321074886810605e+00 7.258416796155560125e-01
1.502699364683112160e+00 4.589126922517725582e-01
1.786773340886333994e-01 1.215388944173577457e+00
1.831299544242596999e+00 5.758815308463955951e-01
9.223864545089610623e-02 1.116664122056562070e+00
1.853315297927708549e+00 1.785005618844220932e+00
1.650598708248727231e-01 1.075237135165572733e+00
6.040636101167340399e-01 1.141730082402529378e+00
1.512308358255762375e+00 1.111799643545586136e+00
1.262894678389969716e+00 9.759559154024444183e-01
1.336398361280994873e-01 1.727775988301478938e+00
1.546392186156249737e+00 2.163168057096975794e-01
1.925083080288187309e+00 5.115960243184569656e-01
7.389890752657346518e-01 5.386627116861566478e-01
1.290390267338247021e+00 4.865607708922370378e-01
1.763780791066176246e+00 1.228125514038113097e+00
1.072406356287940454e-01 1.007161138470402006e+00
9.251653498584622159e-01 1.315237866700522673e+00
4.624729767606630126e-01 1.378757082231317543e+00
8.899077593043467349e-01 1.977850325434479473e+00
5.724011560979749280e-01 1.836946805026869134e+00
1.614236085228940354e+00 1.074918797894674816e+00
7.594579329254282918e-01 1.993578968890727943e-01
9.166027426959733049e-02 8.623884127685021994e-02
1.315000892318520354e+00 1.541774314998349826e+00
4.504305243188586605e-01 1.366338742148562213e+00
1.623467795164457383e+00 6.009920284993492956e-01
